After iteration 1:
pi_1: 0.8230 pi_2: 0.0472 pi_3: 0.0852 pi_4: 0.0394 pi_5: 0.0034 pi_6: 0.0010 pi_7: 0.0003 pi_8: 0.0002 pi_9: 0.0003 pi_10: 0.0000 
a_11: 0.2601 a_12: 0.2389 a_13: 0.3328 a_14: 0.0153 a_15: 0.0450 a_16: 0.0264 a_17: 0.0284 a_18: 0.0327 a_19: 0.0015 a_110: 0.0188 
a_21: 0.6839 a_22: 0.2693 a_23: 0.0309 a_24: 0.0029 a_25: 0.0065 a_26: 0.0035 a_27: 0.0011 a_28: 0.0002 a_29: 0.0001 a_210: 0.0017 
a_31: 0.2329 a_32: 0.6101 a_33: 0.1171 a_34: 0.0183 a_35: 0.0100 a_36: 0.0011 a_37: 0.0046 a_38: 0.0016 a_39: 0.0001 a_310: 0.0042 
a_41: 0.3947 a_42: 0.3999 a_43: 0.1042 a_44: 0.0575 a_45: 0.0282 a_46: 0.0039 a_47: 0.0017 a_48: 0.0030 a_49: 0.0007 a_410: 0.0062 
a_51: 0.5194 a_52: 0.2394 a_53: 0.0704 a_54: 0.1457 a_55: 0.0089 a_56: 0.0057 a_57: 0.0011 a_58: 0.0017 a_59: 0.0001 a_510: 0.0077 
a_61: 0.1487 a_62: 0.2107 a_63: 0.4268 a_64: 0.1444 a_65: 0.0142 a_66: 0.0182 a_67: 0.0123 a_68: 0.0090 a_69: 0.0015 a_610: 0.0143 
a_71: 0.6053 a_72: 0.2276 a_73: 0.0308 a_74: 0.0166 a_75: 0.0652 a_76: 0.0181 a_77: 0.0084 a_78: 0.0031 a_79: 0.0010 a_710: 0.0238 
a_81: 0.8966 a_82: 0.0888 a_83: 0.0046 a_84: 0.0060 a_85: 0.0032 a_86: 0.0005 a_87: 0.0001 a_88: 0.0002 a_89: 0.0000 a_810: 0.0000 
a_91: 0.6701 a_92: 0.0343 a_93: 0.0405 a_94: 0.1356 a_95: 0.0379 a_96: 0.0229 a_97: 0.0128 a_98: 0.0079 a_99: 0.0060 a_910: 0.0321 
b_1(o1): 0.4333 b_1(o2): 0.5066 b_1(o3): 0.0438 b_1(o4): 0.0163 
b_2(o1): 0.4748 b_2(o2): 0.1384 b_2(o3): 0.0266 b_2(o4): 0.3602 
b_3(o1): 0.5391 b_3(o2): 0.4140 b_3(o3): 0.0375 b_3(o4): 0.0094 
b_4(o1): 0.3653 b_4(o2): 0.2210 b_4(o3): 0.0929 b_4(o4): 0.3209 
b_5(o1): 0.5003 b_5(o2): 0.1209 b_5(o3): 0.0853 b_5(o4): 0.2935 
b_6(o1): 0.8742 b_6(o2): 0.1125 b_6(o3): 0.0098 b_6(o4): 0.0035 
b_7(o1): 0.7927 b_7(o2): 0.0715 b_7(o3): 0.0366 b_7(o4): 0.0992 
b_8(o1): 0.5134 b_8(o2): 0.2494 b_8(o3): 0.1856 b_8(o4): 0.0516 
b_9(o1): 0.2696 b_9(o2): 0.4547 b_9(o3): 0.0976 b_9(o4): 0.1780 
After iteration 2:
pi_1: 0.8314 pi_2: 0.0424 pi_3: 0.0870 pi_4: 0.0345 pi_5: 0.0030 pi_6: 0.0011 pi_7: 0.0003 pi_8: 0.0002 pi_9: 0.0002 pi_10: 0.0000 
a_11: 0.2605 a_12: 0.2378 a_13: 0.3348 a_14: 0.0153 a_15: 0.0451 a_16: 0.0265 a_17: 0.0286 a_18: 0.0327 a_19: 0.0016 a_110: 0.0171 
a_21: 0.6844 a_22: 0.2677 a_23: 0.0307 a_24: 0.0029 a_25: 0.0064 a_26: 0.0035 a_27: 0.0011 a_28: 0.0002 a_29: 0.0001 a_210: 0.0030 
a_31: 0.2312 a_32: 0.6124 a_33: 0.1164 a_34: 0.0184 a_35: 0.0101 a_36: 0.0011 a_37: 0.0046 a_38: 0.0016 a_39: 0.0001 a_310: 0.0041 
a_41: 0.3960 a_42: 0.3957 a_43: 0.1039 a_44: 0.0570 a_45: 0.0280 a_46: 0.0039 a_47: 0.0017 a_48: 0.0030 a_49: 0.0007 a_410: 0.0101 
a_51: 0.5177 a_52: 0.2378 a_53: 0.0698 a_54: 0.1447 a_55: 0.0089 a_56: 0.0056 a_57: 0.0011 a_58: 0.0017 a_59: 0.0001 a_510: 0.0125 
a_61: 0.1472 a_62: 0.2129 a_63: 0.4230 a_64: 0.1461 a_65: 0.0144 a_66: 0.0181 a_67: 0.0124 a_68: 0.0091 a_69: 0.0015 a_610: 0.0153 
a_71: 0.5981 a_72: 0.2284 a_73: 0.0304 a_74: 0.0167 a_75: 0.0657 a_76: 0.0179 a_77: 0.0084 a_78: 0.0031 a_79: 0.0010 a_710: 0.0302 
a_81: 0.8967 a_82: 0.0887 a_83: 0.0046 a_84: 0.0060 a_85: 0.0032 a_86: 0.0005 a_87: 0.0001 a_88: 0.0002 a_89: 0.0000 a_810: 0.0000 
a_91: 0.6638 a_92: 0.0338 a_93: 0.0400 a_94: 0.1341 a_95: 0.0376 a_96: 0.0226 a_97: 0.0127 a_98: 0.0078 a_99: 0.0060 a_910: 0.0415 
b_1(o1): 0.4325 b_1(o2): 0.5077 b_1(o3): 0.0434 b_1(o4): 0.0165 
b_2(o1): 0.4739 b_2(o2): 0.1381 b_2(o3): 0.0273 b_2(o4): 0.3606 
b_3(o1): 0.5421 b_3(o2): 0.4119 b_3(o3): 0.0367 b_3(o4): 0.0092 
b_4(o1): 0.3663 b_4(o2): 0.2206 b_4(o3): 0.0930 b_4(o4): 0.3200 
b_5(o1): 0.5013 b_5(o2): 0.1205 b_5(o3): 0.0857 b_5(o4): 0.2925 
b_6(o1): 0.8747 b_6(o2): 0.1121 b_6(o3): 0.0097 b_6(o4): 0.0035 
b_7(o1): 0.7910 b_7(o2): 0.0706 b_7(o3): 0.0367 b_7(o4): 0.1018 
b_8(o1): 0.5105 b_8(o2): 0.2481 b_8(o3): 0.1906 b_8(o4): 0.0509 
b_9(o1): 0.2683 b_9(o2): 0.4479 b_9(o3): 0.0983 b_9(o4): 0.1855 
After iteration 3:
pi_1: 0.8378 pi_2: 0.0387 pi_3: 0.0885 pi_4: 0.0305 pi_5: 0.0027 pi_6: 0.0011 pi_7: 0.0002 pi_8: 0.0001 pi_9: 0.0002 pi_10: 0.0000 
a_11: 0.2609 a_12: 0.2367 a_13: 0.3367 a_14: 0.0153 a_15: 0.0451 a_16: 0.0267 a_17: 0.0288 a_18: 0.0327 a_19: 0.0016 a_110: 0.0156 
a_21: 0.6849 a_22: 0.2662 a_23: 0.0306 a_24: 0.0029 a_25: 0.0064 a_26: 0.0035 a_27: 0.0011 a_28: 0.0002 a_29: 0.0001 a_210: 0.0043 
a_31: 0.2293 a_32: 0.6148 a_33: 0.1157 a_34: 0.0185 a_35: 0.0102 a_36: 0.0011 a_37: 0.0047 a_38: 0.0016 a_39: 0.0001 a_310: 0.0040 
a_41: 0.3975 a_42: 0.3920 a_43: 0.1036 a_44: 0.0565 a_45: 0.0277 a_46: 0.0038 a_47: 0.0017 a_48: 0.0030 a_49: 0.0007 a_410: 0.0134 
a_51: 0.5164 a_52: 0.2365 a_53: 0.0691 a_54: 0.1439 a_55: 0.0088 a_56: 0.0056 a_57: 0.0011 a_58: 0.0017 a_59: 0.0001 a_510: 0.0167 
a_61: 0.1458 a_62: 0.2152 a_63: 0.4194 a_64: 0.1477 a_65: 0.0146 a_66: 0.0181 a_67: 0.0125 a_68: 0.0092 a_69: 0.0015 a_610: 0.0160 
a_71: 0.5920 a_72: 0.2296 a_73: 0.0300 a_74: 0.0168 a_75: 0.0662 a_76: 0.0178 a_77: 0.0084 a_78: 0.0032 a_79: 0.0010 a_710: 0.0350 
a_81: 0.8967 a_82: 0.0887 a_83: 0.0046 a_84: 0.0060 a_85: 0.0032 a_86: 0.0005 a_87: 0.0001 a_88: 0.0002 a_89: 0.0000 a_810: 0.0000 
a_91: 0.6599 a_92: 0.0335 a_93: 0.0397 a_94: 0.1331 a_95: 0.0374 a_96: 0.0224 a_97: 0.0126 a_98: 0.0078 a_99: 0.0060 a_910: 0.0476 
b_1(o1): 0.4317 b_1(o2): 0.5089 b_1(o3): 0.0429 b_1(o4): 0.0164 
b_2(o1): 0.4729 b_2(o2): 0.1376 b_2(o3): 0.0281 b_2(o4): 0.3614 
b_3(o1): 0.5451 b_3(o2): 0.4099 b_3(o3): 0.0360 b_3(o4): 0.0090 
b_4(o1): 0.3672 b_4(o2): 0.2199 b_4(o3): 0.0933 b_4(o4): 0.3196 
b_5(o1): 0.5026 b_5(o2): 0.1200 b_5(o3): 0.0860 b_5(o4): 0.2914 
b_6(o1): 0.8753 b_6(o2): 0.1116 b_6(o3): 0.0096 b_6(o4): 0.0034 
b_7(o1): 0.7904 b_7(o2): 0.0697 b_7(o3): 0.0367 b_7(o4): 0.1031 
b_8(o1): 0.5078 b_8(o2): 0.2466 b_8(o3): 0.1954 b_8(o4): 0.0502 
b_9(o1): 0.2678 b_9(o2): 0.4426 b_9(o3): 0.0991 b_9(o4): 0.1904 
After iteration 4:
pi_1: 0.8426 pi_2: 0.0360 pi_3: 0.0899 pi_4: 0.0274 pi_5: 0.0025 pi_6: 0.0011 pi_7: 0.0002 pi_8: 0.0001 pi_9: 0.0002 pi_10: 0.0000 
a_11: 0.2611 a_12: 0.2356 a_13: 0.3386 a_14: 0.0152 a_15: 0.0450 a_16: 0.0268 a_17: 0.0289 a_18: 0.0328 a_19: 0.0016 a_110: 0.0145 
a_21: 0.6854 a_22: 0.2649 a_23: 0.0304 a_24: 0.0028 a_25: 0.0064 a_26: 0.0035 a_27: 0.0011 a_28: 0.0002 a_29: 0.0001 a_210: 0.0053 
a_31: 0.2275 a_32: 0.6172 a_33: 0.1150 a_34: 0.0186 a_35: 0.0102 a_36: 0.0011 a_37: 0.0047 a_38: 0.0016 a_39: 0.0001 a_310: 0.0040 
a_41: 0.3992 a_42: 0.3889 a_43: 0.1034 a_44: 0.0560 a_45: 0.0275 a_46: 0.0038 a_47: 0.0016 a_48: 0.0030 a_49: 0.0007 a_410: 0.0158 
a_51: 0.5155 a_52: 0.2356 a_53: 0.0685 a_54: 0.1432 a_55: 0.0088 a_56: 0.0055 a_57: 0.0011 a_58: 0.0017 a_59: 0.0001 a_510: 0.0200 
a_61: 0.1445 a_62: 0.2175 a_63: 0.4161 a_64: 0.1493 a_65: 0.0148 a_66: 0.0180 a_67: 0.0125 a_68: 0.0093 a_69: 0.0015 a_610: 0.0166 
a_71: 0.5868 a_72: 0.2311 a_73: 0.0297 a_74: 0.0169 a_75: 0.0667 a_76: 0.0177 a_77: 0.0084 a_78: 0.0032 a_79: 0.0010 a_710: 0.0384 
a_81: 0.8968 a_82: 0.0886 a_83: 0.0046 a_84: 0.0060 a_85: 0.0032 a_86: 0.0005 a_87: 0.0001 a_88: 0.0002 a_89: 0.0000 a_810: 0.0000 
a_91: 0.6576 a_92: 0.0333 a_93: 0.0394 a_94: 0.1324 a_95: 0.0372 a_96: 0.0222 a_97: 0.0126 a_98: 0.0079 a_99: 0.0060 a_910: 0.0513 
b_1(o1): 0.4310 b_1(o2): 0.5103 b_1(o3): 0.0425 b_1(o4): 0.0163 
b_2(o1): 0.4719 b_2(o2): 0.1370 b_2(o3): 0.0288 b_2(o4): 0.3623 
b_3(o1): 0.5480 b_3(o2): 0.4080 b_3(o3): 0.0352 b_3(o4): 0.0088 
b_4(o1): 0.3680 b_4(o2): 0.2191 b_4(o3): 0.0936 b_4(o4): 0.3192 
b_5(o1): 0.5041 b_5(o2): 0.1196 b_5(o3): 0.0863 b_5(o4): 0.2900 
b_6(o1): 0.8759 b_6(o2): 0.1113 b_6(o3): 0.0095 b_6(o4): 0.0034 
b_7(o1): 0.7906 b_7(o2): 0.0691 b_7(o3): 0.0368 b_7(o4): 0.1035 
b_8(o1): 0.5051 b_8(o2): 0.2451 b_8(o3): 0.2001 b_8(o4): 0.0497 
b_9(o1): 0.2679 b_9(o2): 0.4388 b_9(o3): 0.1000 b_9(o4): 0.1932 
After iteration 5:
pi_1: 0.8461 pi_2: 0.0340 pi_3: 0.0911 pi_4: 0.0249 pi_5: 0.0023 pi_6: 0.0012 pi_7: 0.0002 pi_8: 0.0001 pi_9: 0.0002 pi_10: 0.0000 
a_11: 0.2613 a_12: 0.2345 a_13: 0.3404 a_14: 0.0152 a_15: 0.0450 a_16: 0.0269 a_17: 0.0290 a_18: 0.0328 a_19: 0.0016 a_110: 0.0136 
a_21: 0.6860 a_22: 0.2636 a_23: 0.0302 a_24: 0.0028 a_25: 0.0063 a_26: 0.0035 a_27: 0.0011 a_28: 0.0002 a_29: 0.0001 a_210: 0.0061 
a_31: 0.2256 a_32: 0.6196 a_33: 0.1144 a_34: 0.0187 a_35: 0.0103 a_36: 0.0011 a_37: 0.0047 a_38: 0.0016 a_39: 0.0001 a_310: 0.0039 
a_41: 0.4011 a_42: 0.3862 a_43: 0.1032 a_44: 0.0555 a_45: 0.0273 a_46: 0.0038 a_47: 0.0016 a_48: 0.0030 a_49: 0.0007 a_410: 0.0174 
a_51: 0.5150 a_52: 0.2349 a_53: 0.0680 a_54: 0.1426 a_55: 0.0088 a_56: 0.0055 a_57: 0.0011 a_58: 0.0018 a_59: 0.0001 a_510: 0.0223 
a_61: 0.1432 a_62: 0.2197 a_63: 0.4130 a_64: 0.1508 a_65: 0.0149 a_66: 0.0179 a_67: 0.0126 a_68: 0.0094 a_69: 0.0015 a_610: 0.0170 
a_71: 0.5824 a_72: 0.2328 a_73: 0.0294 a_74: 0.0170 a_75: 0.0673 a_76: 0.0176 a_77: 0.0084 a_78: 0.0032 a_79: 0.0010 a_710: 0.0409 
a_81: 0.8969 a_82: 0.0886 a_83: 0.0045 a_84: 0.0061 a_85: 0.0032 a_86: 0.0005 a_87: 0.0001 a_88: 0.0002 a_89: 0.0000 a_810: 0.0000 
a_91: 0.6563 a_92: 0.0332 a_93: 0.0392 a_94: 0.1319 a_95: 0.0371 a_96: 0.0221 a_97: 0.0125 a_98: 0.0079 a_99: 0.0060 a_910: 0.0537 
b_1(o1): 0.4303 b_1(o2): 0.5116 b_1(o3): 0.0421 b_1(o4): 0.0160 
b_2(o1): 0.4708 b_2(o2): 0.1364 b_2(o3): 0.0296 b_2(o4): 0.3632 
b_3(o1): 0.5507 b_3(o2): 0.4062 b_3(o3): 0.0345 b_3(o4): 0.0086 
b_4(o1): 0.3688 b_4(o2): 0.2182 b_4(o3): 0.0941 b_4(o4): 0.3189 
b_5(o1): 0.5058 b_5(o2): 0.1194 b_5(o3): 0.0866 b_5(o4): 0.2883 
b_6(o1): 0.8764 b_6(o2): 0.1110 b_6(o3): 0.0093 b_6(o4): 0.0033 
b_7(o1): 0.7912 b_7(o2): 0.0686 b_7(o3): 0.0368 b_7(o4): 0.1034 
b_8(o1): 0.5026 b_8(o2): 0.2436 b_8(o3): 0.2046 b_8(o4): 0.0492 
b_9(o1): 0.2682 b_9(o2): 0.4363 b_9(o3): 0.1009 b_9(o4): 0.1946 
